927
104
788
167
198
301
363
652
969
268
213
393
25
806
18
282
275
555
929
78
62
683
542
904
916
851
786
947
404
636
749
544
227
313
897
63
543
117
26
839
28
956
93
82
217
41
13
329
387
211
667
900
588
362
925
300
12
16
52
277
227
592
7
214
116
582
955
102
544
14
223
740
188
452
225
581
217
592
354
653
302
684
406
776
283
440
843
695
685
803
173
17
781
591
103
946
207
901
658
598
621
193
909
219
337
594
81
439
813
593
782
928
710
83
905
216
787
785
697
24
386
498
402
714
802
195
807
80
995
43
748
924
92
660
136
818
654
844
784
996
939
589
810
899
898
722
26
554
301
315
543
168
746
112
392
654
671
620
605
267
284
200
634
215
687
817
27
51
79
938
557
689
927
860
944
224
451
403
801
401
787
207
970
852
670
202
509
783
362
6
669
950
925
284
696
328
838
497
218
198
352
199
276
92
353
711
635
187
38
403
783
593
195
196
782
405
208
42
849
803
499
784
633
283
61
113
228
622
93
664
203
591
723
713
994
364
226
79
590
634
556
542
145
208
842
589
407
946
373
135
438
507
597
723
688
508
853
81
568
453
802
840
37
314
968
199
567
635
945
917
850
606
144
709
447
848
206
482
811
722
783
475
951
474
970
971
481
212
659
448
724
588
330
39
194
186
814
91
593
213
606
91
315
438
544
860
917
927
971
543
219
313
776
713
802
452
509
93
448
671
337
660
499
362
216
61
354
944
688
968
813
843
43
636
27
226
786
554
387
909
951
386
588
78
714
208
996
622
13
807
187
267
740
722
26
723
946
697
598
207
224
136
925
199
283
407
403
392
811
849
594
82
722
652
781
817
783
203
508
51
282
659
654
81
199
542
801
592
555
839
635
102
283
806
284
592
195
62
37
439
352
193
684
481
81
7
217
405
186
842
788
927
782
955
904
635
589
593
746
784
39
593
969
782
198
223
403
277
208
950
284
12
300
198
581
667
664
225
709
818
544
167
749
853
582
188
897
25
840
687
401
196
116
93
451
851
556
6
117
268
42
275
63
787
227
302
785
474
783
946
328
710
924
402
939
135
905
591
112
314
654
213
113
194
447
329
200
28
213
92
658
218
497
453
597
605
970
593
784
52
568
653
588
956
228
207
947
195
26
212
38
364
276
80
634
633
695
994
787
217
898
803
850
916
79
634
393
925
498
899
852
227
620
104
206
995
557
363
173
848
670
301
211
711
362
330
803
723
589
900
543
938
373
41
92
214
144
17
18
24
928
145
685
353
970
404
669
724
83
621
929
591
482
901
810
406
945
168
475
783
696
16
202
440
215
748
103
814
689
590
301
79
567
838
507
14
802
542
844
683
