843
842
844
187
186
188
900
899
901
404
403
405
373
136
135
606
605
807
806
92
91
93
592
591
593
860
634
633
635
589
588
590
853
852
723
722
724
227
226
145
144
748
749
329
328
330
849
848
173
475
474
196
195
592
593
79
78
202
203
950
951
228
227
591
267
268
714
713
802
801
803
498
497
499
813
814
667
224
223
225
363
362
364
212
211
213
452
451
453
42
41
43
283
282
284
938
939
971
970
851
850
217
216
543
542
544
301
302
688
687
689
786
787
723
722
811
810
556
557
909
818
817
62
61
63
581
582
283
284
301
300
928
927
929
659
658
660
684
683
685
80
79
81
956
955
746
653
652
654
386
387
783
782
784
782
781
783
481
482
995
994
996
711
925
597
598
207
208
803
802
670
669
671
696
695
697
392
393
113
112
314
313
315
904
905
839
838
840
635
634
636
664
6
7
214
213
215
362
402
401
403
218
217
219
92
93
82
81
83
38
37
39
969
968
970
27
26
28
25
24
26
276
275
277
567
568
740
439
438
440
776
13
12
14
508
507
509
621
620
622
787
788
337
594
593
947
946
709
710
945
944
946
448
447
17
16
18
543
542
544
51
52
207
206
208
589
588
199
198
784
783
785
654
116
117
554
555
199
198
200
103
102
104
353
352
354
925
924
916
917
167
168
897
898
927
194
193
195
407
406
